100 100 
985050.000000  999900.000000  1014750.000000  1029600.000000  1044450.000000  1059300.000000  1074150.000000  1089000.000000  1103850.000000  1118700.000000  1133550.000000  1148400.000000  1163250.000000  1178100.000000  1192950.000000  1207800.000000  1222650.000000  1237500.000000  1252350.000000  1267200.000000  1282050.000000  1296900.000000  1311750.000000  1326600.000000  1341450.000000  1356300.000000  1371150.000000  1386000.000000  1400850.000000  1415700.000000  1430550.000000  1445400.000000  1460250.000000  1475100.000000  1489950.000000  1504800.000000  1519650.000000  1534500.000000  1549350.000000  1564200.000000  1579050.000000  1593900.000000  1608750.000000  1623600.000000  1638450.000000  1653300.000000  1668150.000000  1683000.000000  1697850.000000  1712700.000000  1727550.000000  1742400.000000  1757250.000000  1772100.000000  1786950.000000  1801800.000000  1816650.000000  1831500.000000  1846350.000000  1861200.000000  1876050.000000  1890900.000000  1905750.000000  1920600.000000  1935450.000000  1950300.000000  1965150.000000  1980000.000000  1994850.000000  2009700.000000  2024550.000000  2039400.000000  2054250.000000  2069100.000000  2083950.000000  2098800.000000  2113650.000000  2128500.000000  2143350.000000  2158200.000000  2173050.000000  2187900.000000  2202750.000000  2217600.000000  2232450.000000  2247300.000000  2262150.000000  2277000.000000  2291850.000000  2306700.000000  2321550.000000  2336400.000000  2351250.000000  2366100.000000  2380950.000000  2395800.000000  2410650.000000  2425500.000000  2440350.000000  2455200.000000  
999900.000000  1015050.000000  1030200.000000  1045350.000000  1060500.000000  1075650.000000  1090800.000000  1105950.000000  1121100.000000  1136250.000000  1151400.000000  1166550.000000  1181700.000000  1196850.000000  1212000.000000  1227150.000000  1242300.000000  1257450.000000  1272600.000000  1287750.000000  1302900.000000  1318050.000000  1333200.000000  1348350.000000  1363500.000000  1378650.000000  1393800.000000  1408950.000000  1424100.000000  1439250.000000  1454400.000000  1469550.000000  1484700.000000  1499850.000000  1515000.000000  1530150.000000  1545300.000000  1560450.000000  1575600.000000  1590750.000000  1605900.000000  1621050.000000  1636200.000000  1651350.000000  1666500.000000  1681650.000000  1696800.000000  1711950.000000  1727100.000000  1742250.000000  1757400.000000  1772550.000000  1787700.000000  1802850.000000  1818000.000000  1833150.000000  1848300.000000  1863450.000000  1878600.000000  1893750.000000  1908900.000000  1924050.000000  1939200.000000  1954350.000000  1969500.000000  1984650.000000  1999800.000000  2014950.000000  2030100.000000  2045250.000000  2060400.000000  2075550.000000  2090700.000000  2105850.000000  2121000.000000  2136150.000000  2151300.000000  2166450.000000  2181600.000000  2196750.000000  2211900.000000  2227050.000000  2242200.000000  2257350.000000  2272500.000000  2287650.000000  2302800.000000  2317950.000000  2333100.000000  2348250.000000  2363400.000000  2378550.000000  2393700.000000  2408850.000000  2424000.000000  2439150.000000  2454300.000000  2469450.000000  2484600.000000  2499750.000000  
1014750.000000  1030200.000000  1045650.000000  1061100.000000  1076550.000000  1092000.000000  1107450.000000  1122900.000000  1138350.000000  1153800.000000  1169250.000000  1184700.000000  1200150.000000  1215600.000000  1231050.000000  1246500.000000  1261950.000000  1277400.000000  1292850.000000  1308300.000000  1323750.000000  1339200.000000  1354650.000000  1370100.000000  1385550.000000  1401000.000000  1416450.000000  1431900.000000  1447350.000000  1462800.000000  1478250.000000  1493700.000000  1509150.000000  1524600.000000  1540050.000000  1555500.000000  1570950.000000  1586400.000000  1601850.000000  1617300.000000  1632750.000000  1648200.000000  1663650.000000  1679100.000000  1694550.000000  1710000.000000  1725450.000000  1740900.000000  1756350.000000  1771800.000000  1787250.000000  1802700.000000  1818150.000000  1833600.000000  1849050.000000  1864500.000000  1879950.000000  1895400.000000  1910850.000000  1926300.000000  1941750.000000  1957200.000000  1972650.000000  1988100.000000  2003550.000000  2019000.000000  2034450.000000  2049900.000000  2065350.000000  2080800.000000  2096250.000000  2111700.000000  2127150.000000  2142600.000000  2158050.000000  2173500.000000  2188950.000000  2204400.000000  2219850.000000  2235300.000000  2250750.000000  2266200.000000  2281650.000000  2297100.000000  2312550.000000  2328000.000000  2343450.000000  2358900.000000  2374350.000000  2389800.000000  2405250.000000  2420700.000000  2436150.000000  2451600.000000  2467050.000000  2482500.000000  2497950.000000  2513400.000000  2528850.000000  2544300.000000  
1029600.000000  1045350.000000  1061100.000000  1076850.000000  1092600.000000  1108350.000000  1124100.000000  1139850.000000  1155600.000000  1171350.000000  1187100.000000  1202850.000000  1218600.000000  1234350.000000  1250100.000000  1265850.000000  1281600.000000  1297350.000000  1313100.000000  1328850.000000  1344600.000000  1360350.000000  1376100.000000  1391850.000000  1407600.000000  1423350.000000  1439100.000000  1454850.000000  1470600.000000  1486350.000000  1502100.000000  1517850.000000  1533600.000000  1549350.000000  1565100.000000  1580850.000000  1596600.000000  1612350.000000  1628100.000000  1643850.000000  1659600.000000  1675350.000000  1691100.000000  1706850.000000  1722600.000000  1738350.000000  1754100.000000  1769850.000000  1785600.000000  1801350.000000  1817100.000000  1832850.000000  1848600.000000  1864350.000000  1880100.000000  1895850.000000  1911600.000000  1927350.000000  1943100.000000  1958850.000000  1974600.000000  1990350.000000  2006100.000000  2021850.000000  2037600.000000  2053350.000000  2069100.000000  2084850.000000  2100600.000000  2116350.000000  2132100.000000  2147850.000000  2163600.000000  2179350.000000  2195100.000000  2210850.000000  2226600.000000  2242350.000000  2258100.000000  2273850.000000  2289600.000000  2305350.000000  2321100.000000  2336850.000000  2352600.000000  2368350.000000  2384100.000000  2399850.000000  2415600.000000  2431350.000000  2447100.000000  2462850.000000  2478600.000000  2494350.000000  2510100.000000  2525850.000000  2541600.000000  2557350.000000  2573100.000000  2588850.000000  
1044450.000000  1060500.000000  1076550.000000  1092600.000000  1108650.000000  1124700.000000  1140750.000000  1156800.000000  1172850.000000  1188900.000000  1204950.000000  1221000.000000  1237050.000000  1253100.000000  1269150.000000  1285200.000000  1301250.000000  1317300.000000  1333350.000000  1349400.000000  1365450.000000  1381500.000000  1397550.000000  1413600.000000  1429650.000000  1445700.000000  1461750.000000  1477800.000000  1493850.000000  1509900.000000  1525950.000000  1542000.000000  1558050.000000  1574100.000000  1590150.000000  1606200.000000  1622250.000000  1638300.000000  1654350.000000  1670400.000000  1686450.000000  1702500.000000  1718550.000000  1734600.000000  1750650.000000  1766700.000000  1782750.000000  1798800.000000  1814850.000000  1830900.000000  1846950.000000  1863000.000000  1879050.000000  1895100.000000  1911150.000000  1927200.000000  1943250.000000  1959300.000000  1975350.000000  1991400.000000  2007450.000000  2023500.000000  2039550.000000  2055600.000000  2071650.000000  2087700.000000  2103750.000000  2119800.000000  2135850.000000  2151900.000000  2167950.000000  2184000.000000  2200050.000000  2216100.000000  2232150.000000  2248200.000000  2264250.000000  2280300.000000  2296350.000000  2312400.000000  2328450.000000  2344500.000000  2360550.000000  2376600.000000  2392650.000000  2408700.000000  2424750.000000  2440800.000000  2456850.000000  2472900.000000  2488950.000000  2505000.000000  2521050.000000  2537100.000000  2553150.000000  2569200.000000  2585250.000000  2601300.000000  2617350.000000  2633400.000000  
1059300.000000  1075650.000000  1092000.000000  1108350.000000  1124700.000000  1141050.000000  1157400.000000  1173750.000000  1190100.000000  1206450.000000  1222800.000000  1239150.000000  1255500.000000  1271850.000000  1288200.000000  1304550.000000  1320900.000000  1337250.000000  1353600.000000  1369950.000000  1386300.000000  1402650.000000  1419000.000000  1435350.000000  1451700.000000  1468050.000000  1484400.000000  1500750.000000  1517100.000000  1533450.000000  1549800.000000  1566150.000000  1582500.000000  1598850.000000  1615200.000000  1631550.000000  1647900.000000  1664250.000000  1680600.000000  1696950.000000  1713300.000000  1729650.000000  1746000.000000  1762350.000000  1778700.000000  1795050.000000  1811400.000000  1827750.000000  1844100.000000  1860450.000000  1876800.000000  1893150.000000  1909500.000000  1925850.000000  1942200.000000  1958550.000000  1974900.000000  1991250.000000  2007600.000000  2023950.000000  2040300.000000  2056650.000000  2073000.000000  2089350.000000  2105700.000000  2122050.000000  2138400.000000  2154750.000000  2171100.000000  2187450.000000  2203800.000000  2220150.000000  2236500.000000  2252850.000000  2269200.000000  2285550.000000  2301900.000000  2318250.000000  2334600.000000  2350950.000000  2367300.000000  2383650.000000  2400000.000000  2416350.000000  2432700.000000  2449050.000000  2465400.000000  2481750.000000  2498100.000000  2514450.000000  2530800.000000  2547150.000000  2563500.000000  2579850.000000  2596200.000000  2612550.000000  2628900.000000  2645250.000000  2661600.000000  2677950.000000  
1074150.000000  1090800.000000  1107450.000000  1124100.000000  1140750.000000  1157400.000000  1174050.000000  1190700.000000  1207350.000000  1224000.000000  1240650.000000  1257300.000000  1273950.000000  1290600.000000  1307250.000000  1323900.000000  1340550.000000  1357200.000000  1373850.000000  1390500.000000  1407150.000000  1423800.000000  1440450.000000  1457100.000000  1473750.000000  1490400.000000  1507050.000000  1523700.000000  1540350.000000  1557000.000000  1573650.000000  1590300.000000  1606950.000000  1623600.000000  1640250.000000  1656900.000000  1673550.000000  1690200.000000  1706850.000000  1723500.000000  1740150.000000  1756800.000000  1773450.000000  1790100.000000  1806750.000000  1823400.000000  1840050.000000  1856700.000000  1873350.000000  1890000.000000  1906650.000000  1923300.000000  1939950.000000  1956600.000000  1973250.000000  1989900.000000  2006550.000000  2023200.000000  2039850.000000  2056500.000000  2073150.000000  2089800.000000  2106450.000000  2123100.000000  2139750.000000  2156400.000000  2173050.000000  2189700.000000  2206350.000000  2223000.000000  2239650.000000  2256300.000000  2272950.000000  2289600.000000  2306250.000000  2322900.000000  2339550.000000  2356200.000000  2372850.000000  2389500.000000  2406150.000000  2422800.000000  2439450.000000  2456100.000000  2472750.000000  2489400.000000  2506050.000000  2522700.000000  2539350.000000  2556000.000000  2572650.000000  2589300.000000  2605950.000000  2622600.000000  2639250.000000  2655900.000000  2672550.000000  2689200.000000  2705850.000000  2722500.000000  
1089000.000000  1105950.000000  1122900.000000  1139850.000000  1156800.000000  1173750.000000  1190700.000000  1207650.000000  1224600.000000  1241550.000000  1258500.000000  1275450.000000  1292400.000000  1309350.000000  1326300.000000  1343250.000000  1360200.000000  1377150.000000  1394100.000000  1411050.000000  1428000.000000  1444950.000000  1461900.000000  1478850.000000  1495800.000000  1512750.000000  1529700.000000  1546650.000000  1563600.000000  1580550.000000  1597500.000000  1614450.000000  1631400.000000  1648350.000000  1665300.000000  1682250.000000  1699200.000000  1716150.000000  1733100.000000  1750050.000000  1767000.000000  1783950.000000  1800900.000000  1817850.000000  1834800.000000  1851750.000000  1868700.000000  1885650.000000  1902600.000000  1919550.000000  1936500.000000  1953450.000000  1970400.000000  1987350.000000  2004300.000000  2021250.000000  2038200.000000  2055150.000000  2072100.000000  2089050.000000  2106000.000000  2122950.000000  2139900.000000  2156850.000000  2173800.000000  2190750.000000  2207700.000000  2224650.000000  2241600.000000  2258550.000000  2275500.000000  2292450.000000  2309400.000000  2326350.000000  2343300.000000  2360250.000000  2377200.000000  2394150.000000  2411100.000000  2428050.000000  2445000.000000  2461950.000000  2478900.000000  2495850.000000  2512800.000000  2529750.000000  2546700.000000  2563650.000000  2580600.000000  2597550.000000  2614500.000000  2631450.000000  2648400.000000  2665350.000000  2682300.000000  2699250.000000  2716200.000000  2733150.000000  2750100.000000  2767050.000000  
1103850.000000  1121100.000000  1138350.000000  1155600.000000  1172850.000000  1190100.000000  1207350.000000  1224600.000000  1241850.000000  1259100.000000  1276350.000000  1293600.000000  1310850.000000  1328100.000000  1345350.000000  1362600.000000  1379850.000000  1397100.000000  1414350.000000  1431600.000000  1448850.000000  1466100.000000  1483350.000000  1500600.000000  1517850.000000  1535100.000000  1552350.000000  1569600.000000  1586850.000000  1604100.000000  1621350.000000  1638600.000000  1655850.000000  1673100.000000  1690350.000000  1707600.000000  1724850.000000  1742100.000000  1759350.000000  1776600.000000  1793850.000000  1811100.000000  1828350.000000  1845600.000000  1862850.000000  1880100.000000  1897350.000000  1914600.000000  1931850.000000  1949100.000000  1966350.000000  1983600.000000  2000850.000000  2018100.000000  2035350.000000  2052600.000000  2069850.000000  2087100.000000  2104350.000000  2121600.000000  2138850.000000  2156100.000000  2173350.000000  2190600.000000  2207850.000000  2225100.000000  2242350.000000  2259600.000000  2276850.000000  2294100.000000  2311350.000000  2328600.000000  2345850.000000  2363100.000000  2380350.000000  2397600.000000  2414850.000000  2432100.000000  2449350.000000  2466600.000000  2483850.000000  2501100.000000  2518350.000000  2535600.000000  2552850.000000  2570100.000000  2587350.000000  2604600.000000  2621850.000000  2639100.000000  2656350.000000  2673600.000000  2690850.000000  2708100.000000  2725350.000000  2742600.000000  2759850.000000  2777100.000000  2794350.000000  2811600.000000  
1118700.000000  1136250.000000  1153800.000000  1171350.000000  1188900.000000  1206450.000000  1224000.000000  1241550.000000  1259100.000000  1276650.000000  1294200.000000  1311750.000000  1329300.000000  1346850.000000  1364400.000000  1381950.000000  1399500.000000  1417050.000000  1434600.000000  1452150.000000  1469700.000000  1487250.000000  1504800.000000  1522350.000000  1539900.000000  1557450.000000  1575000.000000  1592550.000000  1610100.000000  1627650.000000  1645200.000000  1662750.000000  1680300.000000  1697850.000000  1715400.000000  1732950.000000  1750500.000000  1768050.000000  1785600.000000  1803150.000000  1820700.000000  1838250.000000  1855800.000000  1873350.000000  1890900.000000  1908450.000000  1926000.000000  1943550.000000  1961100.000000  1978650.000000  1996200.000000  2013750.000000  2031300.000000  2048850.000000  2066400.000000  2083950.000000  2101500.000000  2119050.000000  2136600.000000  2154150.000000  2171700.000000  2189250.000000  2206800.000000  2224350.000000  2241900.000000  2259450.000000  2277000.000000  2294550.000000  2312100.000000  2329650.000000  2347200.000000  2364750.000000  2382300.000000  2399850.000000  2417400.000000  2434950.000000  2452500.000000  2470050.000000  2487600.000000  2505150.000000  2522700.000000  2540250.000000  2557800.000000  2575350.000000  2592900.000000  2610450.000000  2628000.000000  2645550.000000  2663100.000000  2680650.000000  2698200.000000  2715750.000000  2733300.000000  2750850.000000  2768400.000000  2785950.000000  2803500.000000  2821050.000000  2838600.000000  2856150.000000  
1133550.000000  1151400.000000  1169250.000000  1187100.000000  1204950.000000  1222800.000000  1240650.000000  1258500.000000  1276350.000000  1294200.000000  1312050.000000  1329900.000000  1347750.000000  1365600.000000  1383450.000000  1401300.000000  1419150.000000  1437000.000000  1454850.000000  1472700.000000  1490550.000000  1508400.000000  1526250.000000  1544100.000000  1561950.000000  1579800.000000  1597650.000000  1615500.000000  1633350.000000  1651200.000000  1669050.000000  1686900.000000  1704750.000000  1722600.000000  1740450.000000  1758300.000000  1776150.000000  1794000.000000  1811850.000000  1829700.000000  1847550.000000  1865400.000000  1883250.000000  1901100.000000  1918950.000000  1936800.000000  1954650.000000  1972500.000000  1990350.000000  2008200.000000  2026050.000000  2043900.000000  2061750.000000  2079600.000000  2097450.000000  2115300.000000  2133150.000000  2151000.000000  2168850.000000  2186700.000000  2204550.000000  2222400.000000  2240250.000000  2258100.000000  2275950.000000  2293800.000000  2311650.000000  2329500.000000  2347350.000000  2365200.000000  2383050.000000  2400900.000000  2418750.000000  2436600.000000  2454450.000000  2472300.000000  2490150.000000  2508000.000000  2525850.000000  2543700.000000  2561550.000000  2579400.000000  2597250.000000  2615100.000000  2632950.000000  2650800.000000  2668650.000000  2686500.000000  2704350.000000  2722200.000000  2740050.000000  2757900.000000  2775750.000000  2793600.000000  2811450.000000  2829300.000000  2847150.000000  2865000.000000  2882850.000000  2900700.000000  
1148400.000000  1166550.000000  1184700.000000  1202850.000000  1221000.000000  1239150.000000  1257300.000000  1275450.000000  1293600.000000  1311750.000000  1329900.000000  1348050.000000  1366200.000000  1384350.000000  1402500.000000  1420650.000000  1438800.000000  1456950.000000  1475100.000000  1493250.000000  1511400.000000  1529550.000000  1547700.000000  1565850.000000  1584000.000000  1602150.000000  1620300.000000  1638450.000000  1656600.000000  1674750.000000  1692900.000000  1711050.000000  1729200.000000  1747350.000000  1765500.000000  1783650.000000  1801800.000000  1819950.000000  1838100.000000  1856250.000000  1874400.000000  1892550.000000  1910700.000000  1928850.000000  1947000.000000  1965150.000000  1983300.000000  2001450.000000  2019600.000000  2037750.000000  2055900.000000  2074050.000000  2092200.000000  2110350.000000  2128500.000000  2146650.000000  2164800.000000  2182950.000000  2201100.000000  2219250.000000  2237400.000000  2255550.000000  2273700.000000  2291850.000000  2310000.000000  2328150.000000  2346300.000000  2364450.000000  2382600.000000  2400750.000000  2418900.000000  2437050.000000  2455200.000000  2473350.000000  2491500.000000  2509650.000000  2527800.000000  2545950.000000  2564100.000000  2582250.000000  2600400.000000  2618550.000000  2636700.000000  2654850.000000  2673000.000000  2691150.000000  2709300.000000  2727450.000000  2745600.000000  2763750.000000  2781900.000000  2800050.000000  2818200.000000  2836350.000000  2854500.000000  2872650.000000  2890800.000000  2908950.000000  2927100.000000  2945250.000000  
1163250.000000  1181700.000000  1200150.000000  1218600.000000  1237050.000000  1255500.000000  1273950.000000  1292400.000000  1310850.000000  1329300.000000  1347750.000000  1366200.000000  1384650.000000  1403100.000000  1421550.000000  1440000.000000  1458450.000000  1476900.000000  1495350.000000  1513800.000000  1532250.000000  1550700.000000  1569150.000000  1587600.000000  1606050.000000  1624500.000000  1642950.000000  1661400.000000  1679850.000000  1698300.000000  1716750.000000  1735200.000000  1753650.000000  1772100.000000  1790550.000000  1809000.000000  1827450.000000  1845900.000000  1864350.000000  1882800.000000  1901250.000000  1919700.000000  1938150.000000  1956600.000000  1975050.000000  1993500.000000  2011950.000000  2030400.000000  2048850.000000  2067300.000000  2085750.000000  2104200.000000  2122650.000000  2141100.000000  2159550.000000  2178000.000000  2196450.000000  2214900.000000  2233350.000000  2251800.000000  2270250.000000  2288700.000000  2307150.000000  2325600.000000  2344050.000000  2362500.000000  2380950.000000  2399400.000000  2417850.000000  2436300.000000  2454750.000000  2473200.000000  2491650.000000  2510100.000000  2528550.000000  2547000.000000  2565450.000000  2583900.000000  2602350.000000  2620800.000000  2639250.000000  2657700.000000  2676150.000000  2694600.000000  2713050.000000  2731500.000000  2749950.000000  2768400.000000  2786850.000000  2805300.000000  2823750.000000  2842200.000000  2860650.000000  2879100.000000  2897550.000000  2916000.000000  2934450.000000  2952900.000000  2971350.000000  2989800.000000  
1178100.000000  1196850.000000  1215600.000000  1234350.000000  1253100.000000  1271850.000000  1290600.000000  1309350.000000  1328100.000000  1346850.000000  1365600.000000  1384350.000000  1403100.000000  1421850.000000  1440600.000000  1459350.000000  1478100.000000  1496850.000000  1515600.000000  1534350.000000  1553100.000000  1571850.000000  1590600.000000  1609350.000000  1628100.000000  1646850.000000  1665600.000000  1684350.000000  1703100.000000  1721850.000000  1740600.000000  1759350.000000  1778100.000000  1796850.000000  1815600.000000  1834350.000000  1853100.000000  1871850.000000  1890600.000000  1909350.000000  1928100.000000  1946850.000000  1965600.000000  1984350.000000  2003100.000000  2021850.000000  2040600.000000  2059350.000000  2078100.000000  2096850.000000  2115600.000000  2134350.000000  2153100.000000  2171850.000000  2190600.000000  2209350.000000  2228100.000000  2246850.000000  2265600.000000  2284350.000000  2303100.000000  2321850.000000  2340600.000000  2359350.000000  2378100.000000  2396850.000000  2415600.000000  2434350.000000  2453100.000000  2471850.000000  2490600.000000  2509350.000000  2528100.000000  2546850.000000  2565600.000000  2584350.000000  2603100.000000  2621850.000000  2640600.000000  2659350.000000  2678100.000000  2696850.000000  2715600.000000  2734350.000000  2753100.000000  2771850.000000  2790600.000000  2809350.000000  2828100.000000  2846850.000000  2865600.000000  2884350.000000  2903100.000000  2921850.000000  2940600.000000  2959350.000000  2978100.000000  2996850.000000  3015600.000000  3034350.000000  
1192950.000000  1212000.000000  1231050.000000  1250100.000000  1269150.000000  1288200.000000  1307250.000000  1326300.000000  1345350.000000  1364400.000000  1383450.000000  1402500.000000  1421550.000000  1440600.000000  1459650.000000  1478700.000000  1497750.000000  1516800.000000  1535850.000000  1554900.000000  1573950.000000  1593000.000000  1612050.000000  1631100.000000  1650150.000000  1669200.000000  1688250.000000  1707300.000000  1726350.000000  1745400.000000  1764450.000000  1783500.000000  1802550.000000  1821600.000000  1840650.000000  1859700.000000  1878750.000000  1897800.000000  1916850.000000  1935900.000000  1954950.000000  1974000.000000  1993050.000000  2012100.000000  2031150.000000  2050200.000000  2069250.000000  2088300.000000  2107350.000000  2126400.000000  2145450.000000  2164500.000000  2183550.000000  2202600.000000  2221650.000000  2240700.000000  2259750.000000  2278800.000000  2297850.000000  2316900.000000  2335950.000000  2355000.000000  2374050.000000  2393100.000000  2412150.000000  2431200.000000  2450250.000000  2469300.000000  2488350.000000  2507400.000000  2526450.000000  2545500.000000  2564550.000000  2583600.000000  2602650.000000  2621700.000000  2640750.000000  2659800.000000  2678850.000000  2697900.000000  2716950.000000  2736000.000000  2755050.000000  2774100.000000  2793150.000000  2812200.000000  2831250.000000  2850300.000000  2869350.000000  2888400.000000  2907450.000000  2926500.000000  2945550.000000  2964600.000000  2983650.000000  3002700.000000  3021750.000000  3040800.000000  3059850.000000  3078900.000000  
1207800.000000  1227150.000000  1246500.000000  1265850.000000  1285200.000000  1304550.000000  1323900.000000  1343250.000000  1362600.000000  1381950.000000  1401300.000000  1420650.000000  1440000.000000  1459350.000000  1478700.000000  1498050.000000  1517400.000000  1536750.000000  1556100.000000  1575450.000000  1594800.000000  1614150.000000  1633500.000000  1652850.000000  1672200.000000  1691550.000000  1710900.000000  1730250.000000  1749600.000000  1768950.000000  1788300.000000  1807650.000000  1827000.000000  1846350.000000  1865700.000000  1885050.000000  1904400.000000  1923750.000000  1943100.000000  1962450.000000  1981800.000000  2001150.000000  2020500.000000  2039850.000000  2059200.000000  2078550.000000  2097900.000000  2117250.000000  2136600.000000  2155950.000000  2175300.000000  2194650.000000  2214000.000000  2233350.000000  2252700.000000  2272050.000000  2291400.000000  2310750.000000  2330100.000000  2349450.000000  2368800.000000  2388150.000000  2407500.000000  2426850.000000  2446200.000000  2465550.000000  2484900.000000  2504250.000000  2523600.000000  2542950.000000  2562300.000000  2581650.000000  2601000.000000  2620350.000000  2639700.000000  2659050.000000  2678400.000000  2697750.000000  2717100.000000  2736450.000000  2755800.000000  2775150.000000  2794500.000000  2813850.000000  2833200.000000  2852550.000000  2871900.000000  2891250.000000  2910600.000000  2929950.000000  2949300.000000  2968650.000000  2988000.000000  3007350.000000  3026700.000000  3046050.000000  3065400.000000  3084750.000000  3104100.000000  3123450.000000  
1222650.000000  1242300.000000  1261950.000000  1281600.000000  1301250.000000  1320900.000000  1340550.000000  1360200.000000  1379850.000000  1399500.000000  1419150.000000  1438800.000000  1458450.000000  1478100.000000  1497750.000000  1517400.000000  1537050.000000  1556700.000000  1576350.000000  1596000.000000  1615650.000000  1635300.000000  1654950.000000  1674600.000000  1694250.000000  1713900.000000  1733550.000000  1753200.000000  1772850.000000  1792500.000000  1812150.000000  1831800.000000  1851450.000000  1871100.000000  1890750.000000  1910400.000000  1930050.000000  1949700.000000  1969350.000000  1989000.000000  2008650.000000  2028300.000000  2047950.000000  2067600.000000  2087250.000000  2106900.000000  2126550.000000  2146200.000000  2165850.000000  2185500.000000  2205150.000000  2224800.000000  2244450.000000  2264100.000000  2283750.000000  2303400.000000  2323050.000000  2342700.000000  2362350.000000  2382000.000000  2401650.000000  2421300.000000  2440950.000000  2460600.000000  2480250.000000  2499900.000000  2519550.000000  2539200.000000  2558850.000000  2578500.000000  2598150.000000  2617800.000000  2637450.000000  2657100.000000  2676750.000000  2696400.000000  2716050.000000  2735700.000000  2755350.000000  2775000.000000  2794650.000000  2814300.000000  2833950.000000  2853600.000000  2873250.000000  2892900.000000  2912550.000000  2932200.000000  2951850.000000  2971500.000000  2991150.000000  3010800.000000  3030450.000000  3050100.000000  3069750.000000  3089400.000000  3109050.000000  3128700.000000  3148350.000000  3168000.000000  
1237500.000000  1257450.000000  1277400.000000  1297350.000000  1317300.000000  1337250.000000  1357200.000000  1377150.000000  1397100.000000  1417050.000000  1437000.000000  1456950.000000  1476900.000000  1496850.000000  1516800.000000  1536750.000000  1556700.000000  1576650.000000  1596600.000000  1616550.000000  1636500.000000  1656450.000000  1676400.000000  1696350.000000  1716300.000000  1736250.000000  1756200.000000  1776150.000000  1796100.000000  1816050.000000  1836000.000000  1855950.000000  1875900.000000  1895850.000000  1915800.000000  1935750.000000  1955700.000000  1975650.000000  1995600.000000  2015550.000000  2035500.000000  2055450.000000  2075400.000000  2095350.000000  2115300.000000  2135250.000000  2155200.000000  2175150.000000  2195100.000000  2215050.000000  2235000.000000  2254950.000000  2274900.000000  2294850.000000  2314800.000000  2334750.000000  2354700.000000  2374650.000000  2394600.000000  2414550.000000  2434500.000000  2454450.000000  2474400.000000  2494350.000000  2514300.000000  2534250.000000  2554200.000000  2574150.000000  2594100.000000  2614050.000000  2634000.000000  2653950.000000  2673900.000000  2693850.000000  2713800.000000  2733750.000000  2753700.000000  2773650.000000  2793600.000000  2813550.000000  2833500.000000  2853450.000000  2873400.000000  2893350.000000  2913300.000000  2933250.000000  2953200.000000  2973150.000000  2993100.000000  3013050.000000  3033000.000000  3052950.000000  3072900.000000  3092850.000000  3112800.000000  3132750.000000  3152700.000000  3172650.000000  3192600.000000  3212550.000000  
1252350.000000  1272600.000000  1292850.000000  1313100.000000  1333350.000000  1353600.000000  1373850.000000  1394100.000000  1414350.000000  1434600.000000  1454850.000000  1475100.000000  1495350.000000  1515600.000000  1535850.000000  1556100.000000  1576350.000000  1596600.000000  1616850.000000  1637100.000000  1657350.000000  1677600.000000  1697850.000000  1718100.000000  1738350.000000  1758600.000000  1778850.000000  1799100.000000  1819350.000000  1839600.000000  1859850.000000  1880100.000000  1900350.000000  1920600.000000  1940850.000000  1961100.000000  1981350.000000  2001600.000000  2021850.000000  2042100.000000  2062350.000000  2082600.000000  2102850.000000  2123100.000000  2143350.000000  2163600.000000  2183850.000000  2204100.000000  2224350.000000  2244600.000000  2264850.000000  2285100.000000  2305350.000000  2325600.000000  2345850.000000  2366100.000000  2386350.000000  2406600.000000  2426850.000000  2447100.000000  2467350.000000  2487600.000000  2507850.000000  2528100.000000  2548350.000000  2568600.000000  2588850.000000  2609100.000000  2629350.000000  2649600.000000  2669850.000000  2690100.000000  2710350.000000  2730600.000000  2750850.000000  2771100.000000  2791350.000000  2811600.000000  2831850.000000  2852100.000000  2872350.000000  2892600.000000  2912850.000000  2933100.000000  2953350.000000  2973600.000000  2993850.000000  3014100.000000  3034350.000000  3054600.000000  3074850.000000  3095100.000000  3115350.000000  3135600.000000  3155850.000000  3176100.000000  3196350.000000  3216600.000000  3236850.000000  3257100.000000  
1267200.000000  1287750.000000  1308300.000000  1328850.000000  1349400.000000  1369950.000000  1390500.000000  1411050.000000  1431600.000000  1452150.000000  1472700.000000  1493250.000000  1513800.000000  1534350.000000  1554900.000000  1575450.000000  1596000.000000  1616550.000000  1637100.000000  1657650.000000  1678200.000000  1698750.000000  1719300.000000  1739850.000000  1760400.000000  1780950.000000  1801500.000000  1822050.000000  1842600.000000  1863150.000000  1883700.000000  1904250.000000  1924800.000000  1945350.000000  1965900.000000  1986450.000000  2007000.000000  2027550.000000  2048100.000000  2068650.000000  2089200.000000  2109750.000000  2130300.000000  2150850.000000  2171400.000000  2191950.000000  2212500.000000  2233050.000000  2253600.000000  2274150.000000  2294700.000000  2315250.000000  2335800.000000  2356350.000000  2376900.000000  2397450.000000  2418000.000000  2438550.000000  2459100.000000  2479650.000000  2500200.000000  2520750.000000  2541300.000000  2561850.000000  2582400.000000  2602950.000000  2623500.000000  2644050.000000  2664600.000000  2685150.000000  2705700.000000  2726250.000000  2746800.000000  2767350.000000  2787900.000000  2808450.000000  2829000.000000  2849550.000000  2870100.000000  2890650.000000  2911200.000000  2931750.000000  2952300.000000  2972850.000000  2993400.000000  3013950.000000  3034500.000000  3055050.000000  3075600.000000  3096150.000000  3116700.000000  3137250.000000  3157800.000000  3178350.000000  3198900.000000  3219450.000000  3240000.000000  3260550.000000  3281100.000000  3301650.000000  
1282050.000000  1302900.000000  1323750.000000  1344600.000000  1365450.000000  1386300.000000  1407150.000000  1428000.000000  1448850.000000  1469700.000000  1490550.000000  1511400.000000  1532250.000000  1553100.000000  1573950.000000  1594800.000000  1615650.000000  1636500.000000  1657350.000000  1678200.000000  1699050.000000  1719900.000000  1740750.000000  1761600.000000  1782450.000000  1803300.000000  1824150.000000  1845000.000000  1865850.000000  1886700.000000  1907550.000000  1928400.000000  1949250.000000  1970100.000000  1990950.000000  2011800.000000  2032650.000000  2053500.000000  2074350.000000  2095200.000000  2116050.000000  2136900.000000  2157750.000000  2178600.000000  2199450.000000  2220300.000000  2241150.000000  2262000.000000  2282850.000000  2303700.000000  2324550.000000  2345400.000000  2366250.000000  2387100.000000  2407950.000000  2428800.000000  2449650.000000  2470500.000000  2491350.000000  2512200.000000  2533050.000000  2553900.000000  2574750.000000  2595600.000000  2616450.000000  2637300.000000  2658150.000000  2679000.000000  2699850.000000  2720700.000000  2741550.000000  2762400.000000  2783250.000000  2804100.000000  2824950.000000  2845800.000000  2866650.000000  2887500.000000  2908350.000000  2929200.000000  2950050.000000  2970900.000000  2991750.000000  3012600.000000  3033450.000000  3054300.000000  3075150.000000  3096000.000000  3116850.000000  3137700.000000  3158550.000000  3179400.000000  3200250.000000  3221100.000000  3241950.000000  3262800.000000  3283650.000000  3304500.000000  3325350.000000  3346200.000000  
1296900.000000  1318050.000000  1339200.000000  1360350.000000  1381500.000000  1402650.000000  1423800.000000  1444950.000000  1466100.000000  1487250.000000  1508400.000000  1529550.000000  1550700.000000  1571850.000000  1593000.000000  1614150.000000  1635300.000000  1656450.000000  1677600.000000  1698750.000000  1719900.000000  1741050.000000  1762200.000000  1783350.000000  1804500.000000  1825650.000000  1846800.000000  1867950.000000  1889100.000000  1910250.000000  1931400.000000  1952550.000000  1973700.000000  1994850.000000  2016000.000000  2037150.000000  2058300.000000  2079450.000000  2100600.000000  2121750.000000  2142900.000000  2164050.000000  2185200.000000  2206350.000000  2227500.000000  2248650.000000  2269800.000000  2290950.000000  2312100.000000  2333250.000000  2354400.000000  2375550.000000  2396700.000000  2417850.000000  2439000.000000  2460150.000000  2481300.000000  2502450.000000  2523600.000000  2544750.000000  2565900.000000  2587050.000000  2608200.000000  2629350.000000  2650500.000000  2671650.000000  2692800.000000  2713950.000000  2735100.000000  2756250.000000  2777400.000000  2798550.000000  2819700.000000  2840850.000000  2862000.000000  2883150.000000  2904300.000000  2925450.000000  2946600.000000  2967750.000000  2988900.000000  3010050.000000  3031200.000000  3052350.000000  3073500.000000  3094650.000000  3115800.000000  3136950.000000  3158100.000000  3179250.000000  3200400.000000  3221550.000000  3242700.000000  3263850.000000  3285000.000000  3306150.000000  3327300.000000  3348450.000000  3369600.000000  3390750.000000  
1311750.000000  1333200.000000  1354650.000000  1376100.000000  1397550.000000  1419000.000000  1440450.000000  1461900.000000  1483350.000000  1504800.000000  1526250.000000  1547700.000000  1569150.000000  1590600.000000  1612050.000000  1633500.000000  1654950.000000  1676400.000000  1697850.000000  1719300.000000  1740750.000000  1762200.000000  1783650.000000  1805100.000000  1826550.000000  1848000.000000  1869450.000000  1890900.000000  1912350.000000  1933800.000000  1955250.000000  1976700.000000  1998150.000000  2019600.000000  2041050.000000  2062500.000000  2083950.000000  2105400.000000  2126850.000000  2148300.000000  2169750.000000  2191200.000000  2212650.000000  2234100.000000  2255550.000000  2277000.000000  2298450.000000  2319900.000000  2341350.000000  2362800.000000  2384250.000000  2405700.000000  2427150.000000  2448600.000000  2470050.000000  2491500.000000  2512950.000000  2534400.000000  2555850.000000  2577300.000000  2598750.000000  2620200.000000  2641650.000000  2663100.000000  2684550.000000  2706000.000000  2727450.000000  2748900.000000  2770350.000000  2791800.000000  2813250.000000  2834700.000000  2856150.000000  2877600.000000  2899050.000000  2920500.000000  2941950.000000  2963400.000000  2984850.000000  3006300.000000  3027750.000000  3049200.000000  3070650.000000  3092100.000000  3113550.000000  3135000.000000  3156450.000000  3177900.000000  3199350.000000  3220800.000000  3242250.000000  3263700.000000  3285150.000000  3306600.000000  3328050.000000  3349500.000000  3370950.000000  3392400.000000  3413850.000000  3435300.000000  
1326600.000000  1348350.000000  1370100.000000  1391850.000000  1413600.000000  1435350.000000  1457100.000000  1478850.000000  1500600.000000  1522350.000000  1544100.000000  1565850.000000  1587600.000000  1609350.000000  1631100.000000  1652850.000000  1674600.000000  1696350.000000  1718100.000000  1739850.000000  1761600.000000  1783350.000000  1805100.000000  1826850.000000  1848600.000000  1870350.000000  1892100.000000  1913850.000000  1935600.000000  1957350.000000  1979100.000000  2000850.000000  2022600.000000  2044350.000000  2066100.000000  2087850.000000  2109600.000000  2131350.000000  2153100.000000  2174850.000000  2196600.000000  2218350.000000  2240100.000000  2261850.000000  2283600.000000  2305350.000000  2327100.000000  2348850.000000  2370600.000000  2392350.000000  2414100.000000  2435850.000000  2457600.000000  2479350.000000  2501100.000000  2522850.000000  2544600.000000  2566350.000000  2588100.000000  2609850.000000  2631600.000000  2653350.000000  2675100.000000  2696850.000000  2718600.000000  2740350.000000  2762100.000000  2783850.000000  2805600.000000  2827350.000000  2849100.000000  2870850.000000  2892600.000000  2914350.000000  2936100.000000  2957850.000000  2979600.000000  3001350.000000  3023100.000000  3044850.000000  3066600.000000  3088350.000000  3110100.000000  3131850.000000  3153600.000000  3175350.000000  3197100.000000  3218850.000000  3240600.000000  3262350.000000  3284100.000000  3305850.000000  3327600.000000  3349350.000000  3371100.000000  3392850.000000  3414600.000000  3436350.000000  3458100.000000  3479850.000000  
